7 1
37 2
37 3
7 4
118 5
7 6
143 7
73 8
118 9
7 10
118 11
143 12
7 13
7 14
73 15
118 16
142 17
73 18
7 19
118 20
73 21
118 22
143 23
143 24
7 25
7 26
12 27
7 28
7 29
73 30
143 31
73 32
143 33
12 34
143 35
118 36
37 37
12 38
7 39
7 40
12 41
7 42
143 43
118 44
73 45
37 46
7 47
143 48
7 49
143 50
7 51
118 52
73 53
37 54
12 55
143 56
12 57
7 58
143 59
143 60
37 61
73 62
37 63
7 64
37 65
143 66
118 67
12 68
12 69
37 70
12 71
142 72
143 73
12 74
7 75
12 76
12 77
7 78
142 79
7 80
7 81
12 82
12 83
143 84
73 85
143 86
118 87
118 88
37 89
142 90
142 91
7 92
143 93
73 94
73 95
143 96
7 97
7 98
12 99
118 100
37 101
12 102
142 103
7 104
12 105
143 106
7 107
12 108
12 109
12 110
12 111
37 112
7 113
7 114
37 115
143 116
37 117
37 118
118 119
7 120
118 121
73 122
142 122
143 123
134 123
7 124
118 124
73 125
143 125
134 125
142 126
143 126
7 126
134 126
73 127
142 127
143 127
7 127
118 127
134 127
7 128
118 128
73 129
142 129
7 129
118 129
134 129
143 130
134 130
142 131
143 131
143 132
134 132
142 133
134 133
142 134
143 134
143 135
134 135
7 136
118 136
73 137
118 137
7 138
134 138
7 139
118 139
73 139
142 140
143 140
142 140
142 140
118 141
134 141
7 141
118 142
134 142
143 143
134 143
7 143
12 144
134 144
143 145
134 145
7 145
118 146
134 146
